UserID: 5328411458 | Time: 2024-05-25 15:03:37.905250 | Command: /bgmi | Target: 20.219.160.167 | Port: 19650 | Time: 180
UserID: 5328411458 | Time: 2024-05-25 15:03:54.931092 | Command: /bgmi | Target: 20.219.160.167 | Port: 19650 | Time: 90
